28 32 22 21 30 30 27 15 19 28 22 17 11 21 17 15 16 39 16 23 22 36 21 28 16 47 25 33 17 42 28 36
;55 36 42 36 54 35 40 19 47 27 32 28 31 22 33 20 39 37 28 35 48 36 36 25 43 45 38 44 44 40 41 46
;24 36 29 20 28 25 29 13 21 17 19 11 8 15 29 19 13 35 18 21 20 30 23 22 16 36 25 30 16 35 23 31
;54 35 42 37 58 33 42 32 48 31 38 33 36 24 47 37 21 20 15 25 32 16 18 23 25 32 24 33 26 26 26 31
;32 36 32 23 30 28 32 17 28 25 29 25 18 18 28 21 0 22 2 18 9 20 10 18 8 33 13 25 1 28 14 28
;59 42 47 39 56 37 45 36 54 29 44 33 46 20 45 29 28 25 17 29 31 21 21 28 30 29 27 30 27 24 22 34
;37 45 39 30 41 40 42 27 30 31 35 31 27 33 37 19 16 40 20 26 26 37 25 30 21 48 29 38 23 44 30 37
;51 34 42 33 55 31 42 28 47 23 37 35 37 23 40 25 27 22 20 21 36 23 22 24 32 30 26 38 33 31 26 41
;45 49 46 38 45 45 47 30 44 42 50 35 36 40 45 33 24 42 30 35 29 39 30 33 30 54 36 46 26 49 38 39
;46 29 36 30 48 25 39 22 45 20 36 32 35 17 34 25 22 14 12 19 26 14 15 13 26 25 18 31 21 23 24 31
;31 35 34 23 30 35 36 22 30 30 36 29 25 32 39 33 24 37 23 31 27 34 30 35 25 47 37 49 25 53 37 54
;45 29 43 26 47 28 40 25 46 20 40 32 39 22 43 34 34 26 23 29 35 19 26 30 36 30 35 45 34 32 30 48
;42 42 43 29 45 39 43 26 37 36 47 35 38 37 49 37 33 47 32 32 31 40 33 29 33 47 41 48 33 51 45 53
;58 40 54 40 58 35 51 34 57 29 53 39 52 29 51 39 46 39 33 36 48 31 36 33 44 39 45 46 43 37 42 57
;41 45 46 31 43 39 43 28 38 31 46 32 35 34 43 32 31 45 30 28 31 33 30 26 26 45 41 45 33 47 42 44
;55 38 48 36 51 34 37 37 43 21 29 27 38 18 27 31 72 51 -19 42 12 56 43 24 41 39 21 18 79 49 39 -11
;42 42 39 31 30 34 34 27 27 29 29 24 22 26 29 26 23 26 24 21 25 26 28 20 22 34 31 29 27 37 39 39
;54 37 45 36 47 29 37 31 43 20 32 27 33 17 30 24 32 15 24 21 35 14 28 22 30 22 30 26 36 20 31 40
;51 56 50 41 47 49 44 34 37 41 39 34 33 38 39 36 33 39 36 28 36 38 39 33 36 46 42 38 40 44 49 40
;66 48 51 48 58 38 44 35 49 28 39 34 45 25 39 34 41 25 34 28 48 24 35 29 41 27 38 34 43 29 37 41
;54 47 53 39 47 46 43 33 37 36 35 28 30 33 39 30 32 33 36 27 33 33 37 25 31 40 40 32 36 41 46 36
;74 52 64 55 70 46 54 45 57 37 49 42 52 34 46 38 51 31 46 36 54 31 44 32 47 36 43 40 53 38 50 43
;52 43 50 33 41 40 40 31 36 38 38 31 32 35 38 30 32 31 31 25 30 28 34 23 31 39 40 33 36 39 43 34
;71 48 59 44 62 43 50 45 56 32 43 40 49 29 42 42 49 26 38 32 45 22 40 30 44 28 41 35 47 31 44 39
;
;
;25 33 21 18 21 28 24 17 16 25 20 10 5 15 13 8 15 34 9 19 20 30 19 26 11 44 24 33 17 37 23 35
;55 32 41 36 53 34 38 16 44 22 31 25 30 17 29 16 35 36 25 31 48 35 33 22 39 43 39 44 39 40 39 47
;22 32 26 15 26 23 26 14 18 11 18 8 5 11 31 14 12 32 13 20 17 29 18 21 14 32 24 29 13 37 22 27
;49 34 43 32 58 28 40 30 46 26 39 30 34 21 45 31 18 16 14 19 31 16 14 21 21 30 22 32 25 24 22 30
;29 32 28 19 28 27 29 16 26 27 24 20 12 17 25 15 -3 19 0 18 6 17 5 11 2 30 10 25 -2 26 11 26
;54 41 47 39 54 36 44 35 53 28 43 33 41 15 41 25 25 21 13 27 31 21 19 23 26 25 26 30 20 21 24 30
;36 44 37 29 41 37 35 25 27 29 37 27 26 29 33 17 17 36 18 24 24 36 26 26 18 44 24 38 19 41 26 34
;49 33 40 27 52 30 42 23 45 18 38 32 34 23 39 24 24 20 20 16 32 22 22 21 26 29 26 38 31 25 26 38
;45 46 42 34 43 40 45 30 42 40 48 37 35 38 43 30 24 38 24 33 28 35 30 29 29 50 37 41 25 48 36 38
;43 24 37 27 48 20 38 20 42 17 33 29 33 15 35 22 20 10 7 17 23 8 13 14 19 24 19 31 19 18 19 29
;25 27 33 21 31 31 37 20 30 24 30 29 23 26 36 29 19 33 20 29 26 33 25 34 25 43 32 48 23 50 38 54
;43 27 42 24 44 23 37 20 44 15 41 28 38 19 42 28 36 26 22 26 31 17 24 29 32 26 37 40 30 32 30 47
;39 41 42 29 40 38 44 21 36 31 44 33 38 33 48 33 30 45 27 30 31 40 30 24 31 47 41 45 27 47 41 52
;57 40 55 36 58 31 50 33 55 24 50 40 49 26 53 38 45 36 32 35 45 30 36 32 41 38 43 46 39 38 38 54
;40 39 42 24 41 33 41 22 36 30 42 30 31 33 42 31 30 40 27 28 23 33 29 23 24 45 41 43 29 47 40 42
;54 37 45 37 48 28 36 33 39 18 29 27 34 16 27 30 69 51 -20 39 5 56 45 20 42 35 18 12 78 49 38 -17
;35 36 35 28 29 32 32 19 24 26 28 23 20 25 26 21 18 22 21 18 23 18 25 16 18 32 27 23 25 30 35 33
;54 37 41 32 46 26 36 30 36 19 29 24 31 15 27 24 29 12 24 16 31 10 24 19 27 18 27 24 31 17 30 34
;51 47 46 39 45 46 42 33 36 37 37 30 31 34 37 33 32 34 33 24 37 36 36 25 35 41 38 34 38 44 46 39
;65 47 54 43 59 39 42 36 45 27 38 30 43 22 37 33 43 22 31 23 46 21 34 25 38 24 38 30 41 26 36 37
;49 49 50 36 43 41 41 30 36 34 32 29 26 31 35 27 29 32 30 22 32 31 35 24 33 38 38 24 35 39 44 33
;76 51 62 52 70 45 55 40 58 33 46 39 48 31 48 37 51 31 42 32 51 28 41 32 47 32 44 36 50 35 48 38
;53 36 50 28 38 38 39 29 36 34 35 29 29 31 34 25 29 21 32 24 28 24 32 21 28 35 36 29 30 38 43 31
;68 49 60 45 58 41 47 41 56 31 46 35 46 28 43 35 44 22 36 30 40 20 36 27 44 25 44 34 45 25 42 36
;
;19 25 21 11 20 22 19 10 9 20 15 9 0 13 14 3 8 33 5 17 18 31 19 18 9 44 22 31 11 38 22 29
;49 30 36 32 47 25 35 15 42 16 26 22 26 16 28 18 35 34 23 33 47 29 31 22 36 41 34 40 37 38 37 46
;19 27 23 11 20 18 21 5 9 8 13 6 0 6 28 11 4 28 9 17 15 28 18 16 7 28 21 24 6 29 18 26
;44 30 40 31 52 23 38 27 41 23 37 27 33 18 45 32 12 11 9 20 23 10 12 20 16 25 21 29 20 23 19 27
;25 31 27 17 24 22 30 13 22 21 24 17 8 12 24 13 -11 13 -3 12 2 10 3 7 -2 26 8 20 -7 22 11 20
;50 37 45 37 51 29 44 33 50 20 38 31 39 13 41 22 20 18 9 25 27 14 16 22 21 22 21 29 15 16 19 27
;32 38 34 28 32 32 36 20 22 28 32 26 20 26 34 13 10 30 18 21 23 32 23 24 13 43 21 35 16 39 26 32
;46 28 40 27 51 22 40 22 41 17 36 31 34 15 36 22 22 18 13 14 33 17 19 22 22 24 23 36 25 19 23 36
;40 46 44 30 43 38 46 28 39 39 47 34 29 36 42 30 20 38 24 30 27 34 27 26 24 45 36 43 20 46 37 36
;39 20 31 24 42 17 35 15 41 11 31 28 29 10 32 22 17 4 6 14 20 6 8 10 19 21 11 30 16 15 18 25
;25 26 29 14 28 28 33 17 26 23 29 26 22 25 31 26 13 29 15 27 19 32 29 30 19 45 31 50 18 47 34 52
;40 22 39 19 39 19 39 19 40 13 40 27 36 15 39 25 29 19 18 25 27 12 19 23 28 23 32 41 26 28 26 47
;37 39 42 23 36 34 39 21 30 27 46 30 33 33 44 30 31 45 26 27 28 34 29 27 25 45 40 43 24 45 39 50
;55 33 50 33 54 30 50 28 52 23 52 36 46 27 52 33 46 32 33 35 45 25 32 27 41 34 40 48 41 34 39 53
;35 37 40 23 37 29 42 21 30 22 44 27 26 31 42 30 27 40 26 25 22 34 24 16 23 44 40 40 26 45 39 39
;51 32 45 33 48 27 32 34 39 16 28 27 28 9 25 24 69 46 15 41 1 70 41 15 37 31 16 9 77 48 38 -21
;33 36 33 22 25 31 27 19 21 22 23 19 11 23 25 21 15 17 21 13 16 17 22 16 14 29 26 23 21 33 36 36
;50 30 38 29 41 23 32 27 37 14 26 24 26 9 25 24 25 8 17 15 28 9 17 17 22 13 24 19 27 15 27 30
;48 49 47 38 38 44 41 28 31 35 37 28 25 33 38 33 30 35 32 24 31 32 34 22 31 39 41 33 34 39 44 41
;61 42 50 43 55 31 40 32 45 21 33 32 40 17 33 30 40 17 30 22 40 16 32 22 34 23 34 29 41 23 36 33
;48 44 47 33 40 42 37 28 32 33 35 26 21 27 37 24 25 28 27 19 30 28 31 17 27 36 34 25 31 36 44 27
;75 51 65 49 66 43 49 40 54 32 46 37 46 24 46 37 46 25 42 31 48 24 39 28 42 31 42 36 47 31 44 40
;48 36 47 25 38 32 39 24 32 30 35 24 28 25 31 22 23 23 31 21 21 16 31 16 26 31 34 23 29 32 43 31
;71 43 58 44 59 36 45 38 52 25 46 34 48 22 41 33 41 20 32 26 39 15 34 23 40 22 39 32 40 26 37 31
;
;20 28 17 12 22 22 22 7 11 18 13 7 -1 11 10 3 12 32 8 16 21 31 17 18 8 45 22 29 11 37 21 30
;50 31 37 30 46 28 35 13 40 20 26 23 25 15 24 15 34 33 23 29 43 30 25 19 37 41 33 40 36 37 34 47
;17 27 21 9 21 18 26 7 10 2 13 3 -2 5 26 11 6 27 12 15 14 25 17 14 8 29 15 24 7 29 18 22
;44 29 39 34 50 22 35 28 40 23 33 29 29 19 43 33 10 13 6 18 26 13 5 19 18 26 15 27 21 22 15 29
;24 32 28 15 25 22 28 12 19 22 25 16 11 11 25 14 -8 15 -5 12 1 14 4 5 -5 24 7 19 -8 18 7 19
;53 37 44 34 53 30 43 32 46 24 37 30 38 10 37 25 18 19 9 26 25 12 16 23 21 24 22 25 15 15 17 27
;33 41 30 22 36 33 34 23 27 28 29 22 22 26 29 14 11 31 16 22 19 31 24 22 14 42 22 33 14 38 24 33
;47 33 39 25 48 23 39 20 41 18 35 31 31 17 35 23 23 19 14 12 29 19 16 15 23 23 19 35 24 20 22 37
;44 44 43 30 44 40 46 25 42 35 41 36 29 33 44 26 19 35 20 31 24 32 28 26 25 46 35 40 21 46 33 32
;39 19 31 27 44 19 32 14 37 14 33 26 31 12 30 20 14 7 2 12 16 5 7 8 17 23 14 26 15 18 17 26
;21 26 32 17 26 28 32 16 29 22 33 24 21 24 33 22 14 32 18 28 22 28 25 29 18 39 28 46 18 44 31 48
;41 23 38 22 40 18 34 20 40 14 40 28 36 15 36 26 33 20 19 24 29 13 20 24 31 22 29 41 25 26 24 44
;39 37 43 26 38 33 40 19 35 30 45 30 36 34 45 30 30 41 27 25 26 37 29 23 26 43 38 39 27 46 37 48
;59 33 50 34 53 28 46 26 55 21 51 37 45 26 53 34 41 35 29 32 43 28 30 30 39 35 39 45 38 34 35 54
;38 35 40 21 37 30 36 22 38 27 40 26 26 27 40 31 25 38 22 25 24 30 22 18 22 39 39 38 25 41 37 38
;50 33 44 32 46 28 31 32 38 14 24 21 31 15 24 26 69 47 16 42 1 69 38 15 36 34 14 11 74 45 36 -21
;36 34 32 25 24 29 30 19 23 23 23 19 14 21 23 17 18 16 17 14 18 18 22 14 15 29 27 20 20 30 34 32
;49 36 39 32 39 24 31 25 35 15 24 23 27 9 21 23 22 10 17 16 29 7 17 16 25 14 23 22 27 14 27 33
;46 48 44 39 42 45 38 30 32 33 34 25 27 36 37 32 27 29 32 22 34 31 35 20 30 40 38 29 32 38 42 37
;62 41 47 42 54 32 41 31 45 23 32 31 41 18 32 31 37 20 26 21 42 17 30 23 33 24 30 28 38 24 33 36
;47 43 51 34 44 38 40 29 32 31 32 22 26 29 34 22 26 28 32 20 26 26 30 17 28 33 33 23 30 32 43 25
;77 51 60 53 67 42 50 43 55 33 44 37 49 25 45 34 49 25 38 32 47 25 38 27 45 29 40 31 46 30 43 35
;49 33 44 21 37 32 38 24 30 29 34 22 27 28 31 22 27 23 25 22 26 19 27 17 23 32 35 23 27 32 42 25
;72 47 59 46 60 37 43 40 53 23 40 34 44 26 40 34 42 18 33 29 39 16 31 24 40 23 35 29 38 22 38 32
;
;21 25 18 10 18 27 22 9 10 20 10 8 0 13 11 2 11 31 9 17 15 33 16 20 10 42 22 29 12 38 23 31
;51 30 38 29 51 25 37 16 42 21 25 22 27 14 24 16 34 31 24 30 45 31 31 20 39 40 32 40 40 38 35 47
;16 31 21 11 17 20 21 6 11 8 12 1 -1 8 25 10 5 28 9 15 12 29 14 15 9 30 19 26 6 29 22 22
;46 32 41 33 52 25 36 27 46 23 32 29 28 20 40 32 16 11 7 15 25 9 9 17 17 25 17 28 22 23 15 29
;25 33 25 15 22 24 25 13 20 22 23 18 7 12 22 13 -11 15 -5 11 0 13 1 4 -1 28 11 18 -5 20 6 20
;50 37 42 30 52 29 42 31 50 24 40 34 44 13 38 22 20 17 8 25 31 15 13 20 23 22 20 27 19 16 19 27
;36 42 29 23 35 33 36 19 21 28 30 26 20 28 30 10 10 34 11 21 23 30 20 24 13 43 21 35 18 39 26 30
;48 32 38 27 51 24 38 20 43 18 34 31 35 16 36 19 26 20 12 11 31 19 20 16 24 24 19 32 23 17 21 36
;37 44 40 30 43 38 45 28 39 39 45 34 31 36 43 25 18 38 21 29 25 36 26 26 24 48 33 41 22 46 34 36
;43 20 28 25 45 17 31 17 41 13 31 26 32 8 33 19 17 4 4 16 19 6 6 8 16 22 8 28 16 17 15 22
;29 28 32 14 25 25 34 15 28 23 27 20 18 27 32 25 14 29 15 27 20 31 24 31 19 45 31 43 18 45 31 52
;46 24 37 25 41 20 37 19 42 10 37 27 38 14 38 27 32 23 16 22 27 16 16 26 28 21 28 41 27 25 23 45
;37 41 42 23 34 32 37 19 35 27 42 29 31 34 45 29 29 45 23 24 25 36 28 25 23 45 37 40 24 48 39 47
;56 35 52 33 57 27 43 27 55 22 50 40 49 25 48 36 46 34 31 31 45 30 31 28 43 36 38 44 37 31 39 51
;38 36 42 17 36 31 37 21 29 27 42 25 28 31 37 29 26 40 25 25 25 33 24 15 20 43 37 42 26 43 38 40
;53 35 38 33 50 27 32 32 39 15 23 22 30 13 23 21 67 48 11 37 0 68 39 14 38 28 14 13 77 48 36 -20
;33 36 33 22 27 28 31 18 19 25 23 16 13 22 23 18 13 19 19 11 17 19 21 15 14 31 26 19 21 29 34 31
;51 30 36 33 41 22 31 22 37 15 26 21 28 11 23 24 28 6 17 14 30 8 19 14 26 13 21 21 27 13 26 32
;50 51 45 38 40 44 34 24 31 35 35 28 27 32 38 31 28 33 29 19 33 35 34 23 31 39 36 33 34 42 42 36
;64 40 46 39 58 32 37 32 44 24 33 27 41 19 35 30 38 18 27 22 43 18 29 20 34 22 32 31 37 25 29 37
;48 46 46 33 36 39 36 28 29 32 33 23 23 30 33 19 25 30 31 18 25 28 31 16 22 36 34 23 32 39 41 31
;78 50 63 49 68 46 52 43 57 32 41 33 48 24 43 37 55 26 40 32 48 22 35 28 44 28 40 34 44 28 45 38
;50 37 45 28 36 31 36 26 31 30 32 21 25 25 30 21 25 22 26 18 25 23 29 14 27 31 36 25 31 32 41 31
;69 44 56 44 59 36 43 43 55 23 43 31 46 22 34 31 41 20 32 26 41 17 32 25 39 21 35 27 40 24 39 34
;
;